4.841495355165609508e+05 2.995086253420870285e+06
4.758769599889999954e+05 2.844895186881749891e+06
4.949502060827499954e+05 2.998555722037999891e+06
4.367170312780624954e+05 2.899021007194249891e+06
5.006169028865249711e+05 2.994697790155314840e+06
4.516211694616562454e+05 2.904697991569249891e+06
5.081721318639999954e+05 2.992144823600499891e+06
4.694808486608749954e+05 2.832899893912999891e+06
4.652553623327499954e+05 2.957787682975499891e+06
5.052630146764999954e+05 2.970219862662999891e+06
4.602430869421249954e+05 2.950411440787999891e+06
5.020552314733749954e+05 2.949815292350499891e+06
4.446343594030624954e+05 2.937501745475499891e+06
4.983843076452499954e+05 2.928095538444249891e+06
4.400029951452499954e+05 2.927316593131749891e+06
4.917416142858749954e+05 2.902617989616124891e+06
4.360541650671249954e+05 2.890815030631749891e+06
4.613509150671249954e+05 2.831356643912999891e+06
4.730931426061874954e+05 2.898525452506749891e+06
4.901934013952499954e+05 2.895033145866124891e+06
4.289519717077499954e+05 2.874725808952062391e+06
4.566638489126450149e+05 2.830054108756749891e+06
4.359273428014999954e+05 2.856665331412999891e+06
4.905831513952499954e+05 2.900800257194249891e+06
4.414051826452499954e+05 2.843865651725499891e+06
4.828748115846507717e+05 2.857758181397334207e+06
4.479131162389999954e+05 2.871274670280187391e+06
4.719089629186874954e+05 2.834427767936437391e+06
4.877977024206406204e+05 2.999694046256749891e+06
5.086134678014999954e+05 2.981163257194249891e+06
