-8299.35 7832.23
-6206.2 -2039.83
4870.25 1207.8
6191.33 234.251
9901.69 9332.23
-1478.98 3059.97
9230.66 7159.75
-4119.48 -1707.11
297.858 5795.69
885.456 -8127.4
-1354.81 6898.55
5456.93 -6162.82
5607.34 -6373.14
1582.83 -3717.37
-1760.31 9846.11
-6721.55 -3303.04
-8475.64 -6509.52
-9254 -651.704
3482.25 -8665.93
-2204.35 -6692.03
9816.09 7412.78
3453.05 1754.12
-4899.71 1860.91
-4565.6 -4590.38
-8081.4 2651.13
-6974.54 8977.25
-9147.91 4701.78
-690.059 -5549.21
1429.68 2091.39
3960.04 3293.71
-6526.96 5029.89
6498.34 5061.92
-3619.01 651.025
-7048.92 5852.56
8250.62 5887.62
-9811.83 201.057
-4088.13 1198.38
83.4503 -3799.68
9651.58 9289.11
-1028.73 -3929.72
-8875.83 6038.38
9676.25 -8978.75
-5203.93 -7906.01
695.937 428.139
-3400.41 -3647.24
9557.17 4701.73
9072.34 -9010.64
1450.76 -8783.09
6232.57 9583.73
-5483.49 -1872.61
2380.93 5091.13
8319.76 -9270.16
6611.52 8072.86
-6480.16 1335.66
-3436.36 -2108.62
-708.96 -6334.63
-4850.01 2210.98
-6069.92 -7174.15
3386.88 6036.67
-6882.08 -571.44
-4885.43 9879.55
3975.23 6947.02
-8612.37 -6164.28
-9837.07 -1206.94
-2207.74 -7286.86
-5015.38 -772.164
3967.78 -5862.87
-6354.76 -2112.14
-7150.75 4313.03
-537.609 -2765.6
-9993.8 9442.17
-5148.06 3085.59
8804.01 1925.14
8077.15 -3369.37
-3919.13 3507.96
-1004.31 -1819.35
2366.1 4890.11
-9053.11 3520.73
-9636.04 693.496
8763.48 -2439.11
-153.789 3515.02
5683.76 7873.63
4542.37 -3569.71
-7095.26 -5256.34
-5761.54 -5689.93
1563.53 5056.32
5804.7 -7331.24
-2390.9 -2529.01
-3909.56 2895.98
6453.55 5655.75
487.619 -5816.8
2680.54 2791.35
4778.92 3607.09
-2011.88 -9858.29
-4742.96 7278.02
2884.02 2487.57
2520.69 1791.33
9330.11 2309.27
-634.4 2420.33
-6824.12 -7150.08
7300.21 -8064.38
-915.693 -3485.04
287.185 -7327
-8605.05 -9409.34
9670.97 9173.98
-9959.68 -2411.2
-1885.23 -5980.59
-2876.54 4692.99
2504.34 -2864.24
-7657.75 3208.82
7053.41 -6536.61
-6403.69 2673.22
-395.191 -1374.07
5079.97 -9421.31
-8359.1 2160.39
3024.8 7081.59
-4466.2 3018.66
-8572.98 -7153.05
-7482.49 8914.77
8730.55 8369.4
-7717.14 4645.06
4775.23 -35.3307
3766.96 4605.18
8147.51 7671.07
6101.95 7339.39
-1593.33 -388.043
5427.42 -5662.45
-9692.02 7961.42
1864.1 -8289.79
-6686.44 -4204.69
9747.54 8503.23
6781.35 6631.36
-6322.13 3142.59
-5556.04 -2212.82
4017.22 -8906.86
7209.65 3515.53
3416.76 -9788.05
-9080.89 3267.36
8816.36 -3867.28
9037.01 -7826.84
8667.68 -2510.77
-7023.98 -5133.44
-2131.08 -6871.22
-2314.16 9506.01
6520.83 -3617.67
-6303.23 -557.647
6869.88 -3113.42
3305.04 -1311.87
-2133.59 5252.79
5876.04 8822.1
331.531 9264.64
-6124.42 -3409.15
813.433 7996.02
-5968.77 -420.043
6064.46 6471.6
-4215.22 8936.12
-7238.8 4343.31
5339.22 -5603.5
-6774.31 -7765.85
7776.73 3034.08
8408.48 8584.79
-288.756 1379.28
-7071.4 4777.95
7836.52 -2321.74
-9229.54 -4953.53
6616.05 5308.98
-589.65 8470.69
-1909.47 7840.3
2161.77 -4007.15
-1752.79 4256.46
2155.9 -405.829
-3935.17 -6779.06
-837.156 -4416.99
7290.39 -1211.85
4559.53 6555.49
-9474.99 -5894.35
1473.09 -6734.44
-1893.92 -5286.1
-295.076 2749.65
4393.76 680.133
-8175.67 2654.65
3104.64 -8372.69
-6925.45 2347.08
709.556 -5327.87
-1386.44 -4127.86
8647.47 2593.1
552.556 4044.82
-113.39 8399.52
4758.96 9263.8
6634.79 -7644.63
1045.38 3157.23
8069.32 5317.1
9591.39 14.7658
-1206.8 7545.4
-9252.36 -8835.55
1165.65 -6003.19
930.071 3137.37
-6085.94 -3980.67
372.295 4352.93
-2412.63 2309.59
-4287.21 4949.16
238.948 1535.02
9418.63 9269.5
4516.48 -9433.54
5392.82 4260.46
-394.216 -4718.43
-4751.36 2692.65
8767.61 806.631
2820.47 -2241.85
-5803.97 8980.57
8275.6 -2988.94
-4489.16 -9217.34
2975.8 3811.38
9252.4 3665.11
7337.71 6951.29
5401.38 -8851.59
-7912.31 -1807.17
962.305 7019.65
-9076.52 9322.58
5776.17 737.959
-3742.98 -2454.82
7588.63 9391.84
4694.71 -9978.16
-864.488 8770.15
-1933.15 -3069.92
-5147.78 5289
4357.78 332.106
9441.28 7299.45
-5159.56 5053.35
-9515.59 9216.1
2970.71 1769.87
-4406.67 -1185.26
7271.22 5368.54
-4574.87 -8817.78
-5667.79 4159.02
-4134.28 -939.251
-7399.54 6967.66
-4965.8 -4206.61
-6866.94 -9750.66
4550.99 -2454.18
-7821.64 1949.39
753.265 3402.55
-682.694 -3014.74
2522.45 5542.66
-4527.54 7464.32
5605.43 766.272
9025.95 -579.44
2332.44 7649.37
-448.906 -8803.54
-6361.89 -6002.92
9338.19 5028.52
6144.1 -4492.87
5077.8 3564.16
-7923.78 -2785.92
-8521.15 9390.37
56.1742 3893.04
-5238.66 -1508.02
-6446.43 3962.45
-6511.29 -8292.77
7367.29 -6568.67
-7125.92 1911.04
6402.16 -2980.4
2532.67 6429.8
-52.3431 -6628.1
-8294.81 -6595
-6902.44 6808.52
-4678.28 -1128.98
3912.46 6259.47
-7200.81 -5063.46
-8338.21 8945.53
-6256.37 -376.382
-4362.96 3240.39
7800.32 -3096.91
-2957.73 -9886.56
-5198.55 8100.36
-5756.57 -8442.7
-9806.15 6423.5
4256.34 2560.66
1924.57 -472.933
490.746 -2378.62
-8499.24 -3794.13
8516.5 -3714.71
4863.66 2654.9
-9724.91 -6372.91
-5218.81 7660.79
-2131.49 6612.48
9695.55 -9865.47
-3250.71 -2360.08
3027.77 -7732.52
-6121.48 -3414.11
5239.25 5220.86
2585.42 9956.44
6602.46 -1357.74
-9324.2 1379.5
-8771.09 9652.78
-1153.28 -1674.87
-8201.69 2107.43
414.971 161.175
-8602.81 -613.442
-5950.15 -7727.95
